557 466 560 438 561 413 561 387 561 359 561 330 564 297 564 272 563 300 558 325 557 353 556 326 565 293 566 323 566 349 561 321 566 295 568 254 577 279 586 304 597 329 606 356 617 390 637 430 646 454 634 430 626 405 613 374 602 344 593 318 587 291 573 261 583 289 597 320 608 348 618 373 628 401 636 425 645 450 628 427 620 399 610 376 631 403 640 428 652 458 634 433 621 388 607 334 596 308 584 273 587 302 600 346 579 368 609 361 580 361 
557 466 560 438 561 413 561 387 561 359 561 330 564 297 564 272 563 300 558 325 557 353 556 326 
561 308 
566 349 
561 321 
566 295 
568 273 568 247 
577 279 586 304 
597 329 606 356 
612 376 623 404 
637 430 646 454 634 430 626 405 
613 374 602 344 
593 318 587 291 573 261 
576 277 594 309 
604 336 
616 367 625 391 636 425 
645 450 
630 432 621 407 
610 376 
631 403 640 428 652 458 
635 441 
630 413 
621 388 
607 334 
596 308 584 273 
578 279 
568 263 
579 281 
587 302 
593 325 
600 346 
587 366 
