643 178 640 203 640 228 639 254 639 282 638 309 638 336 638 361 638 386 638 413 637 440 635 466 635 493 635 518 657 533 683 533 709 533 736 533 761 533 787 533 816 534 789 534 763 534 737 534 710 534 685 534 660 534 635 534 629 509 632 480 640 455 640 430 644 405 644 380 643 355 627 187 627 212 626 237 626 262 626 289 626 315 628 340 632 366 633 391 633 418 637 444 637 471 638 497 639 522 639 548 634 191 666 191 694 191 722 191 751 191 776 190 801 190 832 188 862 188 895 188 922 188 947 188 922 188 897 188 871 188 666 227 666 252 666 277 666 303 666 329 665 356 664 382 664 408 664 437 664 462 664 493 663 518 663 543 663 568 669 226 698 226 723 226 751 223 776 223 801 223 828 223 854 223 882 223 907 223 666 408 692 408 718 408 743 408 769 406 794 404 820 404 663 585 691 580 717 577 744 575 771 575 802 573 827 573 856 573 881 573 907 573 933 574 
643 178 640 203 640 228 639 254 639 282 638 309 638 336 638 361 638 386 638 413 637 440 635 466 635 493 635 518 657 533 683 533 709 533 736 533 761 533 787 533 816 534 789 534 763 534 737 534 710 534 685 534 660 534 635 534 629 509 632 480 640 455 640 430 644 405 644 380 643 355 
627 187 627 212 626 237 626 262 626 289 626 315 628 340 632 366 633 391 633 418 637 444 637 471 638 497 639 522 639 548 
634 191 666 191 694 191 722 191 751 191 776 190 801 190 832 188 862 188 
895 188 
922 188 947 188 922 188 897 188 871 188 
666 227 666 252 666 277 666 303 666 329 665 356 664 382 664 408 664 437 664 462 664 493 663 518 663 543 663 568 
669 226 698 226 723 226 751 223 776 223 801 223 828 223 854 223 882 223 907 223 
666 408 692 408 718 408 743 408 769 406 794 404 820 404 
663 585 691 580 717 577 744 575 771 575 802 573 827 573 856 573 881 573 907 573 933 574 
