152 417
153 411
153 404
153 397
153 390
154 383
154 376
155 369
155 362
156 355
157 348
158 343
159 337
160 331
161 325
162 319
162 314
163 308
163 303
164 297
164 293
166 288
166 282
167 277
168 271
169 266
170 260
172 255
173 250
174 244
175 239
176 233
178 228
180 222
181 217
183 212
185 206
186 201
187 196
188 193
189 189
190 185
191 183
191 180
192 177
192 175
193 173
193 171
194 169
194 168
194 166
194 164
194 163
194 162
194 161
194 160
194 160
194 159
194 159
195 159
195 159
196 160
196 162
197 163
198 165
199 168
200 171
201 174
203 177
204 181
205 184
206 187
207 191
208 195
210 199
211 203
213 208
215 212
218 217
221 223
223 228
225 232
228 236
230 241
232 245
235 248
238 252
241 256
243 260
246 264
249 267
251 271
254 275
256 278
259 282
260 284
262 286
263 289
265 290
267 292
268 293
269 294
270 295
271 295
272 295
272 295
272 295
273 295
274 295
275 295
276 294
278 293
279 291
280 289
281 286
282 282
284 277
285 273
287 268
288 263
290 258
292 253
294 247
297 240
300 233
303 226
305 219
308 211
311 205
313 199
316 194
318 189
320 184
322 179
324 173
325 168
327 164
328 160
329 156
330 153
331 151
332 148
334 146
335 144
335 141
336 140
336 138
337 137
337 135
338 134
338 134
339 133
339 133
340 133
340 133
340 134
340 135
340 136
340 137
341 140
341 143
342 145
342 148
343 152
344 156
345 161
347 166
349 172
351 179
354 185
356 192
360 199
363 207
368 216
373 224
378 233
382 240
386 248
390 256
394 263
399 270
403 277
407 284
410 290
413 295
417 301
420 307
423 313
426 319
429 324
432 330
435 334
438 339
441 343
443 348
446 352
448 356
450 359
451 362
453 365
455 368
456 370
458 373
459 375
460 377
461 378
462 380
463 381
463 382
464 383
464 384
464 385
464 385
463 383
462 383
