893 307 868 304 843 304 819 317 800 334 786 355 776 378 774 403 773 428 790 447 816 455 842 459 866 451 882 430 891 406 894 380 897 354 901 329 896 354 894 379 894 404 907 427 928 441 894 282 867 277 842 277 818 289 798 305 784 326 777 352 778 377 796 396 821 406 848 406 872 392 891 373 902 350 908 325 911 300 896 321 896 346 900 374 911 400 934 417 958 426 983 427 910 431 928 454 963 470 991 471 1020 474 910 302 884 302 858 302 831 304 808 314 794 336 785 362 780 389 779 416 790 441 813 452 838 459 865 460 888 445 905 426 916 403 916 377 918 349 918 324 912 350 916 378 926 401 937 426 954 447 974 462 880 333 868 310 844 302 819 298 794 297 768 297 740 299 719 318 703 338 697 365 697 390 860 332 837 320 810 317 783 317 758 319 734 326 711 339 696 362 687 386 686 411 693 436 711 457 734 469 758 476 784 476 809 469 826 450 835 425 847 400 856 375 863 349 861 376 860 401 872 426 890 446 912 459 849 480 866 500 898 515 949 529 981 530 875 317 853 305 827 301 802 301 777 307 753 319 734 336 720 359 717 384 716 410 723 435 744 450 768 458 793 461 819 460 841 446 856 426 868 402 877 378 883 352 883 327 878 353 878 379 883 405 898 425 920 437 944 447 
893 307 868 304 843 304 819 317 800 334 786 355 776 378 774 403 773 428 790 447 816 455 842 459 866 451 882 430 891 406 894 380 897 354 901 329 896 354 894 379 894 404 907 427 928 441 
894 282 867 277 842 277 818 289 798 305 784 326 777 352 778 377 796 396 821 406 848 406 872 392 891 373 902 350 908 325 911 300 896 321 896 346 900 374 911 400 934 417 958 426 983 427 
910 431 928 454 
963 470 991 471 1020 474 
910 302 884 302 858 302 831 304 808 314 794 336 785 362 780 389 779 416 790 441 813 452 838 459 865 460 888 445 905 426 916 403 916 377 918 349 918 324 912 350 916 378 926 401 937 426 954 447 974 462 
880 333 868 310 844 302 819 298 794 297 768 297 740 299 719 318 703 338 697 365 697 390 
860 332 837 320 810 317 783 317 758 319 734 326 711 339 696 362 687 386 686 411 693 436 711 457 734 469 758 476 784 476 809 469 826 450 835 425 847 400 856 375 863 349 861 376 860 401 872 426 890 446 912 459 
849 480 866 500 
879 509 
898 515 
922 520 
949 529 981 530 
875 317 853 305 827 301 802 301 777 307 753 319 734 336 720 359 717 384 716 410 723 435 744 450 768 458 793 461 819 460 841 446 856 426 868 402 877 378 883 352 883 327 878 353 878 379 883 405 898 425 920 437 944 447 
